% 98.1720430108 % of clone sets has asserts no more than 40 and methods no more than 50
x      y      z     
57     7      0     
50     3      0     
44     2      0     
34     2      0     
33     2      0     
32     2      0     
30     4      0     
27     2      0     
27     2      0     
27     3      0     
26     2      0     
24     8      0     
23     8      0     
22     2      0     
22     8      0     
21     3      0     
18     2      0     
17     2      0     
17     3      0     
17     3      0     
16     2      0     
16     2      0     
16     2      0     
16     8      0     
16     8      0     
15     2      0     
15     2      0     
15     2      0     
15     2      0     
15     2      0     
15     2      0     
15     4      0     
15     9      0     
14     2      0     
14     10     0     
14     23     0     
13     3      0     
13     4      0     
13     4      0     
13     4      0     
12     2      0     
12     2      0     
12     2      0     
12     2      0     
12     2      0     
12     5      0     
12     5      0     
12     11     0     
11     2      0     
11     3      0     
11     3      0     
11     4      0     
11     4      0     
10     2      0     
10     2      0     
10     2      0     
10     2      0     
10     3      0     
10     3      0     
10     4      0     
10     4      0     
10     5      0     
10     7      0     
10     8      0     
10     25     0     
9      2      0     
9      2      0     
9      2      0     
9      3      0     
9      3      0     
9      3      0     
9      3      0     
9      4      0     
9      4      0     
9      4      0     
9      5      0     
9      124    0     
8      2      0     
8      2      0     
8      2      0     
8      2      0     
8      2      0     
8      2      0     
8      2      0     
8      4      0     
8      4      0     
8      4      0     
8      5      0     
8      6      0     
8      7      0     
8      7      0     
8      9      0     
8      10     0     
8      26     0     
8      32     0     
8      40     0     
8      62     0     
7      2      0     
7      2      0     
7      3      0     
7      4      0     
7      4      0     
7      14     0     
7      16     0     
7      22     0     
6      2      0     
6      2      0     
6      2      0     
6      2      0     
6      3      0     
6      3      0     
6      3      0     
6      3      0     
6      4      0     
6      4      0     
6      6      0     
6      6      0     
6      8      0     
6      8      0     
6      10     0     
6      14     0     
6      15     0     
6      18     0     
6      23     0     
5      2      0     
5      2      0     
5      2      0     
5      2      0     
5      2      0     
5      2      0     
5      2      0     
5      2      0     
5      3      0     
5      3      0     
5      3      0     
5      3      0     
5      3      0     
5      5      0     
5      6      0     
5      7      0     
5      8      0     
5      8      0     
5      14     0     
5      18     0     
5      19     0     
5      25     0     
5      66     0     
4      2      0     
4      2      0     
4      2      0     
4      2      0     
4      2      0     
4      2      0     
4      3      0     
4      3      0     
4      3      0     
4      3      0     
4      3      0     
4      4      0     
4      4      0     
4      4      0     
4      5      0     
4      5      0     
4      5      0     
4      5      0     
4      6      0     
4      6      0     
4      6      0     
4      7      0     
4      8      0     
4      8      0     
4      9      0     
4      9      0     
4      10     0     
4      12     0     
4      20     0     
4      50     0     
3      2      0     
3      2      0     
3      2      0     
3      2      0     
3      2      0     
3      3      0     
3      3      0     
3      4      0     
3      4      0     
3      5      0     
3      5      0     
3      5      0     
3      8      0     
3      10     0     
3      27     0     
3      38     0     
2      2      0     
2      2      0     
2      2      0     
2      2      0     
2      2      0     
2      2      0     
2      2      0     
2      2      0     
2      3      0     
2      3      0     
2      3      0     
2      4      0     
2      4      0     
2      5      0     
2      6      0     
2      7      0     
2      7      0     
2      9      0     
2      10     0     
2      10     0     
2      10     0     
2      12     0     
2      16     0     
2      16     0     
2      19     0     
2      20     0     
2      30     0     
2      51     0     
2      86     0     
2      106    0     
1      3      0     
1      4      0     
1      5      0     
1      6      0     
1      9      0     
1      14     0     
1      201    0     
29     2      1     
26     2      1     
25     2      1     
23     2      1     
20     2      1     
17     2      1     
16     3      1     
16     4      1     
15     2      1     
15     3      1     
14     2      1     
13     2      1     
13     2      1     
12     3      1     
12     4      1     
11     4      1     
10     2      1     
10     2      1     
10     2      1     
10     2      1     
10     2      1     
10     2      1     
10     5      1     
9      2      1     
9      2      1     
9      2      1     
9      2      1     
9      2      1     
9      4      1     
9      5      1     
8      2      1     
8      2      1     
8      2      1     
8      2      1     
8      2      1     
8      4      1     
8      8      1     
8      12     1     
7      2      1     
7      2      1     
7      2      1     
7      2      1     
7      2      1     
7      2      1     
7      3      1     
7      4      1     
7      4      1     
6      2      1     
6      2      1     
6      2      1     
6      2      1     
6      2      1     
6      3      1     
6      12     1     
6      18     1     
5      2      1     
5      2      1     
5      2      1     
5      2      1     
5      2      1     
5      2      1     
5      2      1     
5      2      1     
5      10     1     
5      13     1     
4      2      1     
4      2      1     
4      2      1     
4      2      1     
4      2      1     
4      2      1     
4      2      1     
4      2      1     
4      2      1     
4      2      1     
4      3      1     
4      4      1     
3      2      1     
3      2      1     
3      2      1     
3      2      1     
3      2      1     
3      2      1     
3      2      1     
3      2      1     
3      2      1     
3      2      1     
3      2      1     
3      2      1     
3      2      1     
3      2      1     
3      2      1     
3      2      1     
3      2      1     
3      3      1     
3      3      1     
3      3      1     
3      3      1     
3      4      1     
3      11     1     
3      15     1     
2      2      1     
2      2      1     
2      2      1     
2      2      1     
2      2      1     
2      2      1     
2      2      1     
2      2      1     
2      2      1     
2      2      1     
2      2      1     
2      2      1     
2      2      1     
2      2      1     
2      2      1     
2      2      1     
2      3      1     
2      3      1     
2      3      1     
2      3      1     
2      3      1     
2      3      1     
2      3      1     
2      3      1     
2      3      1     
2      3      1     
2      3      1     
2      4      1     
2      4      1     
2      4      1     
2      4      1     
2      4      1     
2      6      1     
2      6      1     
2      6      1     
2      6      1     
2      7      1     
2      8      1     
2      9      1     
2      15     1     
2      15     1     
2      19     1     
2      33     1     
2      44     1     
1      2      1     
1      2      1     
1      2      1     
1      2      1     
1      2      1     
1      2      1     
1      2      1     
1      2      1     
1      2      1     
1      2      1     
1      3      1     
1      3      1     
1      3      1     
1      3      1     
1      3      1     
1      3      1     
1      4      1     
1      4      1     
1      4      1     
1      5      1     
1      6      1     
1      7      1     
1      7      1     
1      12     1     
74     2      2     
44     2      2     
39     2      2     
29     2      2     
27     2      2     
26     2      2     
25     2      2     
24     2      2     
23     2      2     
23     2      2     
22     2      2     
22     2      2     
22     2      2     
21     2      2     
18     2      2     
17     2      2     
17     2      2     
16     2      2     
16     3      2     
15     2      2     
14     4      2     
13     2      2     
13     2      2     
12     2      2     
12     2      2     
12     2      2     
11     2      2     
11     2      2     
11     2      2     
10     2      2     
10     2      2     
10     3      2     
10     3      2     
9      2      2     
9      2      2     
9      2      2     
9      2      2     
9      4      2     
9      6      2     
8      2      2     
8      2      2     
8      2      2     
8      2      2     
8      2      2     
8      3      2     
8      3      2     
8      4      2     
8      4      2     
8      4      2     
7      2      2     
7      2      2     
7      2      2     
7      2      2     
7      2      2     
7      3      2     
7      3      2     
7      4      2     
7      6      2     
6      2      2     
6      2      2     
6      2      2     
6      2      2     
6      2      2     
6      2      2     
6      3      2     
6      3      2     
6      3      2     
6      4      2     
6      4      2     
6      4      2     
6      6      2     
5      2      2     
5      2      2     
5      2      2     
5      2      2     
5      3      2     
5      3      2     
5      3      2     
5      4      2     
5      5      2     
5      5      2     
4      2      2     
4      2      2     
4      2      2     
4      2      2     
4      2      2     
4      2      2     
4      2      2     
4      2      2     
4      3      2     
4      5      2     
3      2      2     
3      2      2     
3      2      2     
3      2      2     
3      2      2     
3      2      2     
3      2      2     
3      2      2     
3      3      2     
3      3      2     
3      3      2     
3      3      2     
3      4      2     
3      4      2     
3      4      2     
3      4      2     
3      4      2     
3      5      2     
3      11     2     
2      2      2     
2      2      2     
2      2      2     
2      2      2     
2      2      2     
2      2      2     
2      2      2     
2      2      2     
2      2      2     
2      2      2     
2      2      2     
2      2      2     
2      2      2     
2      2      2     
2      3      2     
2      3      2     
2      3      2     
2      3      2     
2      3      2     
2      3      2     
2      3      2     
2      4      2     
2      4      2     
2      4      2     
2      5      2     
2      6      2     
2      7      2     
2      9      2     
2      10     2     
1      2      2     
1      2      2     
1      2      2     
1      2      2     
1      2      2     
1      2      2     
1      2      2     
1      3      2     
1      3      2     
1      3      2     
1      4      2     
1      6      2     
1      7      2     
1      11     2     
1      20     2     
33     2      3     
32     2      3     
23     2      3     
22     2      3     
21     2      3     
21     2      3     
20     2      3     
20     2      3     
19     2      3     
18     3      3     
16     2      3     
16     2      3     
16     3      3     
15     3      3     
14     2      3     
14     10     3     
14     10     3     
13     2      3     
13     2      3     
13     10     3     
12     2      3     
12     5      3     
12     6      3     
11     2      3     
11     3      3     
11     5      3     
11     7      3     
10     2      3     
10     2      3     
10     3      3     
10     3      3     
10     13     3     
9      2      3     
9      2      3     
9      2      3     
9      2      3     
9      4      3     
9      6      3     
8      2      3     
8      2      3     
8      2      3     
8      2      3     
8      2      3     
8      2      3     
8      3      3     
8      3      3     
8      4      3     
8      11     3     
7      2      3     
7      2      3     
7      2      3     
7      2      3     
7      5      3     
7      5      3     
7      7      3     
7      10     3     
7      10     3     
6      2      3     
6      2      3     
6      2      3     
6      2      3     
6      2      3     
6      2      3     
6      2      3     
6      3      3     
6      3      3     
6      3      3     
6      4      3     
6      17     3     
6      22     3     
5      2      3     
5      2      3     
5      2      3     
5      2      3     
5      3      3     
5      3      3     
5      3      3     
5      5      3     
5      5      3     
5      6      3     
5      7      3     
5      7      3     
5      9      3     
5      24     3     
4      2      3     
4      2      3     
4      2      3     
4      2      3     
4      2      3     
4      2      3     
4      2      3     
4      3      3     
4      3      3     
4      3      3     
4      3      3     
4      4      3     
4      4      3     
4      5      3     
4      5      3     
4      6      3     
4      7      3     
4      10     3     
4      11     3     
4      14     3     
4      27     3     
4      28     3     
3      2      3     
3      2      3     
3      3      3     
3      3      3     
3      3      3     
3      3      3     
3      3      3     
3      4      3     
3      4      3     
3      4      3     
3      6      3     
3      8      3     
3      11     3     
3      11     3     
3      15     3     
3      15     3     
3      19     3     
3      151    3     
2      2      3     
2      2      3     
2      2      3     
2      2      3     
2      2      3     
2      2      3     
2      2      3     
2      2      3     
2      2      3     
2      4      3     
2      4      3     
2      4      3     
2      5      3     
2      5      3     
2      6      3     
2      12     3     
2      19     3     
2      34     3     
2      124    3     
1      7      3     
1      8      3     
1      40     3     
19     2      4     
12     2      4     
9      2      4     
7      2      4     
7      2      4     
7      3      4     
7      3      4     
6      2      4     
6      7      4     
5      2      4     
5      2      4     
5      2      4     
5      2      4     
5      3      4     
5      5      4     
4      2      4     
4      2      4     
4      2      4     
4      2      4     
4      2      4     
4      2      4     
4      10     4     
3      2      4     
3      2      4     
3      5      4     
2      2      4     
2      2      4     
2      2      4     
2      2      4     
2      2      4     
2      2      4     
2      2      4     
2      2      4     
2      2      4     
2      2      4     
2      3      4     
2      3      4     
2      3      4     
2      4      4     
2      9      4     
2      33     4     
1      2      4     
1      2      4     
1      2      4     
1      2      4     
1      2      4     
1      2      4     
1      2      4     
1      2      4     
1      3      4     
1      3      4     
1      4      4     
1      4      4     
1      6      4     
1      8      4     
1      8      4     
1      19     4     
1      55     4     
17     2      5     
15     2      5     
11     2      5     
9      2      5     
9      3      5     
8      2      5     
8      2      5     
8      4      5     
7      2      5     
6      2      5     
6      2      5     
6      2      5     
6      3      5     
6      3      5     
6      8      5     
6      10     5     
5      2      5     
5      3      5     
5      3      5     
4      2      5     
4      2      5     
4      2      5     
4      9      5     
3      2      5     
3      2      5     
3      2      5     
3      2      5     
3      2      5     
3      2      5     
3      3      5     
3      3      5     
3      4      5     
3      4      5     
2      2      5     
2      2      5     
2      2      5     
2      2      5     
2      2      5     
2      3      5     
2      3      5     
2      3      5     
2      4      5     
2      4      5     
2      5      5     
2      5      5     
2      6      5     
1      2      5     
1      2      5     
1      2      5     
1      3      5     
1      3      5     
1      4      5     
1      6      5     
1      12     5     
11     2      6     
5      2      6     
5      2      6     
5      2      6     
5      2      6     
5      2      6     
5      2      6     
5      4      6     
5      5      6     
4      2      6     
4      2      6     
4      2      6     
4      2      6     
4      3      6     
3      2      6     
3      2      6     
3      3      6     
3      3      6     
3      3      6     
3      3      6     
3      4      6     
3      4      6     
3      5      6     
3      5      6     
3      14     6     
2      2      6     
2      2      6     
2      2      6     
2      2      6     
2      3      6     
2      3      6     
2      4      6     
2      4      6     
2      4      6     
1      2      6     
1      3      6     
1      3      6     
1      3      6     
1      3      6     
1      4      6     
1      7      6     
1      10     6     
1      13     6     
1      17     6     
1      41     6     
1      53     6     
12     2      7     
11     2      7     
9      2      7     
8      2      7     
8      5      7     
7      2      7     
6      2      7     
6      3      7     
6      4      7     
5      2      7     
5      2      7     
5      2      7     
5      3      7     
4      2      7     
4      2      7     
4      2      7     
4      2      7     
4      4      7     
4      5      7     
3      2      7     
3      2      7     
2      2      7     
2      2      7     
2      3      7     
2      3      7     
2      3      7     
2      3      7     
2      3      7     
2      4      7     
2      8      7     
2      9      7     
1      7      7     
1      8      7     
1      11     7     
1      22     7     
38     2      8     
23     2      8     
15     2      8     
13     2      8     
11     2      8     
10     4      8     
9      3      8     
8      2      8     
8      3      8     
8      4      8     
7      2      8     
6      2      8     
6      4      8     
5      3      8     
4      2      8     
4      2      8     
3      2      8     
3      2      8     
3      2      8     
3      3      8     
2      2      8     
2      3      8     
1      2      8     
1      3      8     
1      3      8     
1      3      8     
1      6      8     
13     2      9     
6      3      9     
4      2      9     
3      3      9     
3      5      9     
2      2      9     
2      2      9     
1      2      9     
1      2      9     
1      2      9     
1      2      9     
